[gd_scene load_steps=32 format=3 uid="uid://b87aieg3uitnk"]

[ext_resource type="MeshLibrary" uid="uid://1r1ria7fpq17" path="res://kits/mesh_lib3.tres" id="6_g7j5a"]
[ext_resource type="PackedScene" uid="uid://dfpm8iiyrvwb8" path="res://assets/prototype_bits/Can_A.gltf" id="7_wgtu6"]
[ext_resource type="PackedScene" uid="uid://ppgku2ydp6y4" path="res://assets/prototype_bits/Pallet_Small_Decorated_B.gltf" id="8_5cxr2"]
[ext_resource type="PackedScene" uid="uid://dotpnlcy27ggq" path="res://assets/prototype_bits/Pallet_Small_Decorated_A.gltf" id="9_q48ew"]
[ext_resource type="PackedScene" uid="uid://b7g7fvs1g0pww" path="res://assets/prototype_bits/Pallet_Small.gltf" id="10_r8g5u"]
[ext_resource type="PackedScene" uid="uid://bmpd4wt2sw2l1" path="res://assets/prototype_bits/Box_C.gltf" id="11_10lro"]
[ext_resource type="PackedScene" uid="uid://djmjc4dm0ena7" path="res://assets/prototype_bits/Box_B.gltf" id="12_d5paq"]
[ext_resource type="PackedScene" uid="uid://d4ewiiealjeoy" path="res://assets/prototype_bits/Dummy_Base.gltf" id="13_ae10q"]
[ext_resource type="PackedScene" uid="uid://dneg7v0yca3cx" path="res://assets/prototype_bits/Locker_Decorated.gltf" id="14_wxdma"]
[ext_resource type="PackedScene" uid="uid://cykscxty5uq57" path="res://assets/prototype_bits/Locker.gltf" id="15_4ldk2"]
[ext_resource type="PackedScene" uid="uid://c2k5k7ualsfti" path="res://assets/prototype_bits/Can_B.gltf" id="16_ryvsm"]
[ext_resource type="PackedScene" uid="uid://buq7arttbssjc" path="res://assets/prototype_bits/target_stand_A.gltf" id="18_7d3wp"]
[ext_resource type="PackedScene" uid="uid://bduqqs8bwptfe" path="res://assets/prototype_bits/target_wall_large_A.gltf" id="19_sqmfd"]
[ext_resource type="PackedScene" uid="uid://b0fpnksr2gol4" path="res://assets/prototype_bits/target_wall_large_B.gltf" id="20_u3j8q"]
[ext_resource type="PackedScene" uid="uid://bfrrkd27b682v" path="res://assets/prototype_bits/Weaponrack_Decorated.gltf" id="21_wai02"]
[ext_resource type="PackedScene" uid="uid://w3bqftmyjesv" path="res://assets/prototype_bits/Weaponrack.gltf" id="22_6r8a8"]
[ext_resource type="PackedScene" uid="uid://digne67jlks1d" path="res://assets/prototype_bits/Workbench_Decorated.gltf" id="23_kicfg"]
[ext_resource type="PackedScene" uid="uid://nmp0ctc70y5b" path="res://assets/prototype_bits/Workbench.gltf" id="24_bi6o1"]
[ext_resource type="PackedScene" uid="uid://dd08ei85tvcah" path="res://assets/prototype_bits/target_stand_B.gltf" id="25_ry6v2"]
[ext_resource type="PackedScene" uid="uid://b5m54r4ke6dt8" path="res://assets/prototype_bits/table_medium.gltf" id="26_dol4e"]
[ext_resource type="PackedScene" uid="uid://dhdf5mxqpfbnm" path="res://assets/prototype_bits/table_medium_Decorated.gltf" id="27_u2lrj"]
[ext_resource type="PackedScene" uid="uid://coruyu75lnbo2" path="res://assets/prototype_bits/Barrel_A.gltf" id="29_514tw"]
[ext_resource type="PackedScene" uid="uid://gcagnlrq3ee1" path="res://assets/prototype_bits/Barrel_B.gltf" id="30_imgvi"]
[ext_resource type="Environment" uid="uid://dtrxire26wyng" path="res://scenes/level2/level2_env.tres" id="31_78xer"]
[ext_resource type="PackedScene" uid="uid://bjgubkkp8d4f1" path="res://assets/prototype_bits/Box_A.gltf" id="31_drbww"]
[ext_resource type="PackedScene" uid="uid://cvasin4b5w0ll" path="res://assets/prototype_bits/Door_B.gltf" id="31_gnk3y"]
[ext_resource type="PackedScene" uid="uid://br13pby3ekf7v" path="res://assets/prototype_bits/Cube_Prototype_Small.gltf" id="32_53hy4"]
[ext_resource type="PackedScene" uid="uid://b24abelia56r4" path="res://assets/prototype_bits/Pallet_Large.gltf" id="32_tsnio"]
[ext_resource type="PackedScene" uid="uid://nxomq6dl8kp6" path="res://assets/prototype_bits/Barrel_C.gltf" id="33_hsydh"]
[ext_resource type="PackedScene" uid="uid://cyg3765gfh25q" path="res://assets/prototype_bits/target_stand_A_Decorated.gltf" id="34_6gqwg"]
[ext_resource type="PackedScene" uid="uid://b4pnyn61mwgsh" path="res://assets/prototype_bits/target.gltf" id="35_e6ad7"]

[node name="Level2" type="Node3D"]

[node name="Camera3D" type="Camera3D" parent="."]
transform = Transform3D(-0.969235, -0.090026, 0.229082, 0, 0.930711, 0.365756, -0.246137, 0.354503, -0.902078, 0.882673, 5.63801, 28.4046)

[node name="GridMapBuilding" type="GridMap" parent="."]
transform = Transform3D(1, 0, 0, 0, 1, 0, 0, 0, 1, 0, -0.5, 0)
mesh_library = ExtResource("6_g7j5a")
cell_octant_size = 18
cell_center_x = false
cell_center_y = false
cell_center_z = false
collision_layer = 2
data = {
"cells": PackedInt32Array(65534, 1, 66, 0, 1, 524335, 2, 1, 40, 65532, 3, 54, 65534, 3, 524335, 0, 3, 524335, 2, 3, 40, 65532, 5, 40, 65534, 5, 40, 0, 5, 40, 2, 5, 40, 65532, 7, 1048616, 65534, 7, 1048616, 0, 7, 1048616, 2, 7, 1048616, 4, 1, 1048616, 4, 3, 1048616, 4, 5, 1048616, 4, 7, 1048616, 65531, 5, 1441803, 65531, 7, 1441803, 65532, 8, 655371, 65534, 8, 655372, 0, 8, 13, 2, 8, 655376, 4, 8, 655371, 5, 7, 1048587, 5, 5, 1441804, 2, 0, 11, 0, 0, 15, 65534, 0, 11, 3, 65535, 1441803, 3, 0, 655412, 1, 4, 655412, 65533, 3, 1048614, 6, 1, 1441839, 6, 3, 1441839, 8, 3, 1441839, 8, 1, 1441839, 4, 65535, 655407, 5, 4, 1441844, 9, 4, 1441844, 9, 0, 1441844, 6, 0, 11, 5, 65535, 1441803, 5, 0, 655412, 8, 0, 655371, 9, 1, 1048587, 9, 3, 1048593, 6, 4, 655371, 8, 4, 655371, 65532, 6, 72, 65532, 1, 54, 65530, 3, 54, 65528, 3, 54, 65528, 1, 54, 65530, 1, 54, 65528, 65535, 54, 65530, 65535, 54, 65532, 65535, 54, 196599, 4, 88, 196599, 65534, 88, 196605, 65534, 88, 196604, 65534, 68, 196602, 65534, 68, 196600, 65534, 68, 196599, 65535, 1441860, 196599, 1, 1441860, 196599, 3, 1441860, 196602, 4, 655428, 196600, 4, 655428, 196600, 65535, 63, 196600, 3, 1048639, 196601, 1, 67, 196600, 1, 57, 262136, 1, 57, 131076, 65531, 1048617, 131078, 65531, 39, 131080, 65531, 39, 131074, 65531, 39, 131072, 65531, 39, 131080, 65529, 39, 131080, 65527, 39, 131078, 65527, 39, 131076, 65527, 1048617, 131074, 65527, 39, 131072, 65527, 39, 131072, 65529, 39, 131074, 65529, 39, 131076, 65529, 1048617, 131078, 65529, 39, 4, 65533, 1441858, 5, 65532, 1441843, 3, 65532, 1441843, 5, 65533, 1441803, 3, 65533, 1441803, 196607, 65531, 1441803, 196607, 65529, 1048588, 196607, 65527, 1441803, 131072, 65526, 655371, 131080, 65526, 655371, 131081, 65527, 1048587, 131081, 65529, 1048587, 131081, 65531, 1048587, 131080, 65532, 16, 131078, 65532, 11, 131074, 65532, 11, 131072, 65532, 16, 131077, 65532, 1048627, 131075, 65532, 1048627, 196607, 65526, 655412, 131081, 65526, 655412, 196607, 65532, 655412, 131081, 65532, 655412, 196604, 65535, 39, 196604, 1, 1048617, 196604, 3, 39, 196602, 3, 39, 196602, 65535, 39, 6, 65527, 655414, 4, 65527, 655414, 2, 65527, 655414, 0, 65527, 655414, 9, 65532, 1048635, 65535, 65532, 1048635, 9, 65531, 1048592, 8, 65532, 11, 7, 65531, 1048587, 1, 65531, 1048587, 0, 65532, 11, 8, 65526, 11, 9, 65527, 1048587, 8, 65528, 11, 8, 65530, 11, 0, 65526, 11, 65535, 65527, 1441803, 65535, 65531, 1441803, 0, 65530, 655371, 0, 65528, 655371, 65532, 65534, 655371, 65528, 65534, 655371, 65530, 4, 655371, 65528, 4, 655371, 65527, 3, 1048587, 65527, 1, 1048587, 65527, 65535, 1048587, 3, 1, 1048587, 131074, 65524, 655371, 131076, 65524, 655371, 131078, 65524, 655371, 131079, 65525, 1048587, 131073, 65525, 1048587, 131074, 65525, 1048617, 131076, 65525, 1048617, 131078, 65525, 1048617, 131075, 8, 65588, 131073, 8, 65588, 131077, 65534, 917556, 131075, 65534, 917556, 131075, 0, 917556, 131077, 0, 917556, 196603, 6, 917556, 196603, 8, 917556, 131081, 2, 917556, 131081, 4, 917556, 196603, 4, 88, 65534, 4, 1048663, 0, 4, 1048663, 1, 1, 655447, 1, 3, 655447, 65533, 9, 1048587, 196603, 1, 655447, 131077, 7, 655447, 131077, 5, 655447, 65534, 9, 655407, 2, 9, 655407, 65534, 11, 655400, 65534, 13, 655400, 65534, 15, 1048616, 65534, 17, 655401, 0, 11, 655401, 0, 13, 655401, 0, 15, 655401, 0, 17, 655401, 65532, 15, 655400, 65532, 17, 655401, 65532, 19, 1048616, 65530, 15, 655400, 65528, 15, 655400, 65526, 15, 655400, 65524, 15, 1048616, 65522, 15, 655400, 65520, 15, 655400, 65520, 17, 655401, 65522, 17, 655401, 65524, 17, 655401, 65526, 17, 655401, 65528, 17, 655401, 65530, 17, 655401, 65530, 19, 655400, 65528, 19, 1048616, 65526, 19, 655400, 65524, 19, 655400, 65522, 19, 1048636, 65520, 19, 655400, 65518, 18, 1048615, 65518, 16, 1048634, 65532, 21, 655400, 65530, 21, 655400, 65528, 21, 655400, 65526, 21, 655400, 65524, 21, 655400, 65522, 21, 1048630, 65520, 21, 655400, 65520, 23, 655400, 65522, 23, 655400, 65524, 23, 655400, 65526, 23, 1048616, 65528, 23, 655400, 65530, 23, 655400, 65532, 23, 655400, 65524, 25, 655400, 65526, 25, 655400, 65524, 13, 1048615, 65526, 13, 1048615, 2, 11, 655400, 2, 13, 655400, 2, 15, 655400, 2, 17, 655400, 2, 19, 655400, 0, 19, 655400, 65534, 19, 655400, 65532, 25, 655400, 65530, 25, 1048630, 65528, 25, 655400, 65522, 25, 655400, 65520, 25, 655400, 65529, 16, 655413, 65526, 22, 655413, 65521, 21, 1048629, 65523, 21, 1048632, 3, 9, 1048587, 3, 11, 1048587, 3, 13, 1441808, 65533, 11, 1441803, 65533, 13, 1441803, 65532, 14, 655371, 65530, 14, 16, 65528, 14, 655371, 65527, 13, 1048587, 65526, 12, 11, 65524, 12, 11, 65523, 13, 1441803, 65517, 16, 1048587, 65517, 18, 1048588, 65519, 21, 1048587, 65519, 23, 1048591, 65519, 25, 1048587, 65520, 26, 11, 65522, 26, 655376, 65530, 26, 11, 65532, 26, 655376, 65533, 25, 1441803, 65533, 23, 1441803, 65533, 21, 1441803, 65534, 20, 655371, 0, 20, 655371, 2, 20, 655371, 3, 19, 1048587, 65520, 14, 16, 65522, 14, 16, 3, 15, 1048593, 3, 17, 1441804, 65518, 15, 655371, 65518, 19, 655371, 65519, 15, 1048628, 65519, 20, 1048590, 65527, 27, 1048615, 65525, 27, 1048615, 65527, 14, 1048628, 65523, 14, 1048628, 65519, 19, 1048628, 65519, 14, 1441806, 65529, 26, 655374, 65523, 26, 14, 65524, 26, 52, 65528, 26, 52, 65525, 28, 11, 65527, 28, 11, 65528, 27, 1441803, 65524, 27, 1441803, 0, 9, 655401, 65530, 24, 655398, 65522, 22, 38)
}
metadata/_editor_floor_ = Vector3(0, 0, 0)

[node name="Room1_StaticObjects" type="Node3D" parent="GridMapBuilding"]
transform = Transform3D(1, 0, 0, 0, 1, 0, 0, 0, 1, 0, 0.5, 0)

[node name="Can_A2" parent="GridMapBuilding/Room1_StaticObjects" instance=ExtResource("7_wgtu6")]
transform = Transform3D(1, 0, 0, 0, 1, 0, 0, 0, 1, -3.5, 0, 15)

[node name="Pallet_Small_Decorated_B3" parent="GridMapBuilding/Room1_StaticObjects" node_paths=PackedStringArray("body") instance=ExtResource("8_5cxr2")]
transform = Transform3D(1, 0, 0, 0, 1, 0, 0, 0, 1, 8.5, 0, 14.5)
body = NodePath("Pallet_Small_Decorated_B/@RigidBody3D@25884")

[node name="Pallet_Small_Decorated_B5" parent="GridMapBuilding/Room1_StaticObjects" node_paths=PackedStringArray("body") instance=ExtResource("8_5cxr2")]
transform = Transform3D(1, 0, 0, 0, 1, 0, 0, 0, 1, -8.5, 0, 9.5)
explosion = null
body = NodePath("Pallet_Small_Decorated_B/@RigidBody3D@25884")

[node name="Pallet_Small_Decorated_A2" parent="GridMapBuilding/Room1_StaticObjects" node_paths=PackedStringArray("body") instance=ExtResource("9_q48ew")]
transform = Transform3D(0.988316, 0, 0.152417, 0, 1, 0, -0.152417, 0, 0.988316, 8.5, 0, 12)
body = NodePath("Pallet_Small_Decorated_A/@RigidBody3D@20722")

[node name="Pallet_Small_Decorated_A3" parent="GridMapBuilding/Room1_StaticObjects" node_paths=PackedStringArray("body") instance=ExtResource("9_q48ew")]
transform = Transform3D(0.999179, 0, -0.0405155, 0, 1, 0, 0.0405155, 0, 0.999179, 4, 0, 1.5)
body = NodePath("Pallet_Small_Decorated_A/@RigidBody3D@20722")

[node name="Pallet_Small2" parent="GridMapBuilding/Room1_StaticObjects" instance=ExtResource("10_r8g5u")]
transform = Transform3D(1, 0, 0, 0, 1, 0, 0, 0, 1, -8.5, 0, 14.5)

[node name="Pallet_Small3" parent="GridMapBuilding/Room1_StaticObjects" instance=ExtResource("10_r8g5u")]
transform = Transform3D(0.640271, 0.335215, -0.691147, 0, 0.899756, 0.436394, 0.768149, -0.27941, 0.576087, -6.5, 0.408185, 14.5)

[node name="Box_C2" parent="GridMapBuilding/Room1_StaticObjects" node_paths=PackedStringArray("body") instance=ExtResource("11_10lro")]
transform = Transform3D(0.707107, 0, -0.707107, 0, 1, 0, 0.707107, 0, 0.707107, -8.60065, 0.530238, 14.2394)
body = NodePath("Box_C/@RigidBody3D@20757")

[node name="Box_B2" parent="GridMapBuilding/Room1_StaticObjects" node_paths=PackedStringArray("body") instance=ExtResource("12_d5paq")]
transform = Transform3D(1, 0, 0, 0, 1, 0, 0, 0, 1, -9, 0.5, 15)
body = NodePath("Box_B/@RigidBody3D@20764")

[node name="Dummy_Base3" parent="GridMapBuilding/Room1_StaticObjects" node_paths=PackedStringArray("body") instance=ExtResource("13_ae10q")]
transform = Transform3D(0.866025, 0, -0.5, 0, 1, 0, 0.5, 0, 0.866025, 17, 0, 1)
body = NodePath("Dummy_Base/@RigidBody3D@20743")

[node name="Locker_Decorated2" parent="GridMapBuilding/Room1_StaticObjects" instance=ExtResource("14_wxdma")]
transform = Transform3D(-1, 0, 8.74228e-08, 0, 1, 0, -8.74228e-08, 0, -1, 12.5, 0, 7.20575)

[node name="Locker_Decorated7" parent="GridMapBuilding/Room1_StaticObjects" instance=ExtResource("14_wxdma")]
transform = Transform3D(-1, 0, 8.74228e-08, 0, 1, 0, -8.74228e-08, 0, -1, 11.3729, 0, 7.20575)

[node name="Locker_Decorated10" parent="GridMapBuilding/Room1_StaticObjects" instance=ExtResource("14_wxdma")]
transform = Transform3D(-0.983666, 0, -0.180004, 0, 1, 0, 0.180004, 0, -0.983666, 13.8918, 0, 7.2248)

[node name="Cube_Prototype_Large_B_003" parent="GridMapBuilding/Room1_StaticObjects/Locker_Decorated10/Locker_Decorated" index="0"]
visible = false

[node name="Locker_Decorated3" parent="GridMapBuilding/Room1_StaticObjects" instance=ExtResource("14_wxdma")]
transform = Transform3D(-1, 0, 8.74228e-08, 0, 1, 0, -8.74228e-08, 0, -1, 15.5, 0, 7.17464)

[node name="Locker_Decorated4" parent="GridMapBuilding/Room1_StaticObjects" instance=ExtResource("14_wxdma")]
transform = Transform3D(1, 0, -1.74846e-07, 0, 1, 0, 1.74846e-07, 0, 1, 15.4177, 0, 0.653378)

[node name="Cube_Prototype_Large_B_003" parent="GridMapBuilding/Room1_StaticObjects/Locker_Decorated4/Locker_Decorated" index="0"]
visible = false

[node name="Locker_Decorated5" parent="GridMapBuilding/Room1_StaticObjects" instance=ExtResource("14_wxdma")]
transform = Transform3D(1, 0, -1.74846e-07, 0, 1, 0, 1.74846e-07, 0, 1, 12.4177, 0, 0.684489)

[node name="Cube_Prototype_Large_B_003" parent="GridMapBuilding/Room1_StaticObjects/Locker_Decorated5/Locker_Decorated" index="0"]
visible = false

[node name="Locker_Decorated6" parent="GridMapBuilding/Room1_StaticObjects" instance=ExtResource("14_wxdma")]
transform = Transform3D(1, 0, -1.74846e-07, 0, 1, 0, 1.74846e-07, 0, 1, 11.1899, 0, 0.684489)

[node name="Locker3" parent="GridMapBuilding/Room1_StaticObjects" instance=ExtResource("15_4ldk2")]
transform = Transform3D(0.983303, 0, -0.181978, 0, 1, 0, 0.181978, 0, 0.983303, 14.0412, 0, 0.700824)

[node name="Pallet_Small4" parent="GridMapBuilding/Room1_StaticObjects" instance=ExtResource("10_r8g5u")]
transform = Transform3D(1, 0, 0, 0, 1, 0, 0, 0, 1, -15.0475, 6.5, 2.05134)

[node name="Can_A3" parent="GridMapBuilding/Room1_StaticObjects" instance=ExtResource("7_wgtu6")]
transform = Transform3D(1, 0, 0, 0, 1, 0, 0, 0, 1, -15.1212, 7.03835, 2.16005)

[node name="Can_B2" parent="GridMapBuilding/Room1_StaticObjects" instance=ExtResource("16_ryvsm")]
transform = Transform3D(1, 0, 0, 0, 1, 0, 0, 0, 1, -14.5, 7, 1.5)

[node name="Can_A4" parent="GridMapBuilding/Room1_StaticObjects" instance=ExtResource("7_wgtu6")]
transform = Transform3D(1, 0, 0, 0, 1, 0, 0, 0, 1, -14.5, 7, 2.5)

[node name="target_stand_A2" parent="GridMapBuilding/Room1_StaticObjects" node_paths=PackedStringArray("body") instance=ExtResource("18_7d3wp")]
transform = Transform3D(-4.37114e-08, 0, 1, 0, 1, 0, -1, 0, -4.37114e-08, -12.5, 4, -2)
body = NodePath("target_stand_A/@RigidBody3D@20680")

[node name="target_stand_A3" parent="GridMapBuilding/Room1_StaticObjects" node_paths=PackedStringArray("body") instance=ExtResource("18_7d3wp")]
transform = Transform3D(-4.37114e-08, 0, 1, 0, 1, 0, -1, 0, -4.37114e-08, -12.5, 4, 6.5)
body = NodePath("target_stand_A/@RigidBody3D@20680")

[node name="Locker_Decorated8" parent="GridMapBuilding/Room1_StaticObjects" instance=ExtResource("14_wxdma")]
transform = Transform3D(-4.37114e-08, 0, 1, 0, 1, 0, -1, 0, -4.37114e-08, -14, 4, -0.5)

[node name="Locker_Decorated9" parent="GridMapBuilding/Room1_StaticObjects" instance=ExtResource("14_wxdma")]
transform = Transform3D(-4.37114e-08, 0, 1, 0, 1, 0, -1, 0, -4.37114e-08, -14, 4, 4.5)

[node name="target_wall_large_A2" parent="GridMapBuilding/Room1_StaticObjects" instance=ExtResource("19_sqmfd")]
transform = Transform3D(0.992762, 0.120102, 0, -0.120102, 0.992762, 0, 0, 0, 1, 11.5, 6, -23.6647)

[node name="target_wall_large_A3" parent="GridMapBuilding/Room1_StaticObjects" instance=ExtResource("19_sqmfd")]
transform = Transform3D(0.449736, -0.100968, 0.141308, 0.0905387, 0.513516, -0.00501265, -0.0637378, 0.0170125, 0.989953, 12.7983, 6, -23.6647)

[node name="target_wall_large_B2" parent="GridMapBuilding/Room1_StaticObjects" instance=ExtResource("20_u3j8q")]
transform = Transform3D(0.965926, 0.183013, -0.183013, 0, 0.707107, 0.707107, 0.258819, -0.683013, 0.683013, 1.7815, 4.76081, -17.863)

[node name="Weaponrack_Decorated2" parent="GridMapBuilding/Room1_StaticObjects" node_paths=PackedStringArray("body") instance=ExtResource("21_wai02")]
transform = Transform3D(1.2, 0, 0, 0, 1.2, 0, 0, 0, 1.2, 1.5, 4, -19.5)
body = NodePath("Barrel_B/@RigidBody3D@23145")

[node name="Weaponrack_Decorated3" parent="GridMapBuilding/Room1_StaticObjects" node_paths=PackedStringArray("body") instance=ExtResource("21_wai02")]
transform = Transform3D(1.2, 0, 0, 0, 1.2, 0, 0, 0, 1.2, -0.5, 4, -19.5)
body = NodePath("Barrel_B/@RigidBody3D@23145")

[node name="Weaponrack2" parent="GridMapBuilding/Room1_StaticObjects" instance=ExtResource("22_6r8a8")]
transform = Transform3D(-5.68248e-08, 0, 1.3, 0, 1.3, 0, -1.3, 0, -5.68248e-08, -1.5, 4, -17.5)

[node name="Workbench_Decorated2" parent="GridMapBuilding/Room1_StaticObjects" instance=ExtResource("23_kicfg")]
transform = Transform3D(1, 0, 0, 0, 1, 0, 0, 0, 1, 14.5, 4, -19)

[node name="Workbench_Decorated3" parent="GridMapBuilding/Room1_StaticObjects" instance=ExtResource("23_kicfg")]
transform = Transform3D(-4.37114e-08, 0, -1, 0, 1, 0, 1, 0, -4.37114e-08, 17, 4, -15)

[node name="Workbench2" parent="GridMapBuilding/Room1_StaticObjects" instance=ExtResource("24_bi6o1")]
transform = Transform3D(-4.37114e-08, 0, -1, 0, 1, 0, 1, 0, -4.37114e-08, 17, 4, -16.5)

[node name="Dummy_Base2" parent="GridMapBuilding/Room1_StaticObjects" node_paths=PackedStringArray("body") instance=ExtResource("13_ae10q")]
transform = Transform3D(0.866025, 0, -0.5, 0, 1, 0, 0.5, 0, 0.866025, 17, 4, -19)
body = NodePath("Dummy_Base/@RigidBody3D@20743")

[node name="Dummy_Base4" parent="GridMapBuilding/Room1_StaticObjects" node_paths=PackedStringArray("body") instance=ExtResource("13_ae10q")]
transform = Transform3D(-0.258819, 0, -0.965926, 0, 1, 0, 0.965926, 0, -0.258819, 17, 4, -12.5)
body = NodePath("Dummy_Base/@RigidBody3D@20743")

[node name="target_stand_B2" parent="GridMapBuilding/Room1_StaticObjects" node_paths=PackedStringArray("body") instance=ExtResource("25_ry6v2")]
transform = Transform3D(-0.221804, 0, -0.975091, 0, 1, 0, 0.975091, 0, -0.221804, 17, 4, -11.0773)
body = NodePath("target_stand_B/@RigidBody3D@20666")

[node name="table_medium2" parent="GridMapBuilding/Room1_StaticObjects" node_paths=PackedStringArray("body") instance=ExtResource("26_dol4e")]
transform = Transform3D(0.258819, 0, -0.965926, 0, 1, 0, 0.965926, 0, 0.258819, -0.444203, 4, -11.8966)
body = NodePath("table_medium/@RigidBody3D@20708")

[node name="table_medium_Decorated2" parent="GridMapBuilding/Room1_StaticObjects" node_paths=PackedStringArray("body") instance=ExtResource("27_u2lrj")]
transform = Transform3D(0.965926, 0, -0.258819, 0, 1, 0, 0.258819, 0, 0.965926, 0, 4, -14)
body = NodePath("table_medium_Decorated/@RigidBody3D@20701")

[node name="Barrel_A2" parent="GridMapBuilding/Room1_StaticObjects" node_paths=PackedStringArray("body") instance=ExtResource("29_514tw")]
transform = Transform3D(1, 0, 0, 0, 1, 0, 0, 0, 1, 3.5, 4.5, -19)
body = NodePath("Barrel_A/@RigidBody3D@20792")

[node name="Barrel_A3" parent="GridMapBuilding/Room1_StaticObjects" node_paths=PackedStringArray("body") instance=ExtResource("29_514tw")]
transform = Transform3D(1, 0, 0, 0, 1, 0, 0, 0, 1, 0, 4.5, -10)
body = NodePath("Barrel_A/@RigidBody3D@20792")

[node name="Barrel_B2" parent="GridMapBuilding/Room1_StaticObjects" node_paths=PackedStringArray("body") instance=ExtResource("30_imgvi")]
transform = Transform3D(1, 0, 0, 0, 1, 0, 0, 0, 1, 2.5, 4.5, -18.5)
body = NodePath("Barrel_B/@RigidBody3D@20785")

[node name="Door_B2" parent="GridMapBuilding/Room1_StaticObjects" instance=ExtResource("31_gnk3y")]
transform = Transform3D(1, 0, 0, 0, 1, 0, 0, 0, 1, 7.32414, 4.04713, -23.6489)

[node name="Pallet_Large2" parent="GridMapBuilding/Room1_StaticObjects" instance=ExtResource("32_tsnio")]
transform = Transform3D(0.707107, 0, -0.707107, 0, 1, 0, 0.707107, 0, 0.707107, 4.13344, 4, -15.1116)

[node name="Pallet_Small5" parent="GridMapBuilding/Room1_StaticObjects" instance=ExtResource("10_r8g5u")]
transform = Transform3D(0.965926, 0, 0.258819, 0, 1, 0, -0.258819, 0, 0.965926, 4.5, 4.5, -14)

[node name="Barrel_C2" parent="GridMapBuilding/Room1_StaticObjects" node_paths=PackedStringArray("body") instance=ExtResource("33_hsydh")]
transform = Transform3D(1, 0, 0, 0, 1, 0, 0, 0, 1, -1, 4.5, -10)
body = NodePath("Barrel_C/@RigidBody3D@20778")

[node name="target_stand_A_Decorated2" parent="GridMapBuilding/Room1_StaticObjects" node_paths=PackedStringArray("body") instance=ExtResource("34_6gqwg")]
transform = Transform3D(0.258819, 0, -0.965926, 0, 1, 0, 0.965926, 0, 0.258819, 17, 0, 4)
body = NodePath("target_stand_A_Decorated/@RigidBody3D@20673")

[node name="target2" parent="GridMapBuilding/Room1_StaticObjects" node_paths=PackedStringArray("body") instance=ExtResource("35_e6ad7")]
transform = Transform3D(-4.37114e-08, 0, 1, 0, 1, 0, -1, 0, -4.37114e-08, -6, 2, 7)
body = NodePath("target/@RigidBody3D@20687")

[node name="Room2_StaticObjects" type="Node3D" parent="GridMapBuilding"]

[node name="Box_B2" parent="GridMapBuilding/Room2_StaticObjects" node_paths=PackedStringArray("body") instance=ExtResource("12_d5paq")]
transform = Transform3D(2.46076, 0, -0.91251, 0, 2.62451, 0, 0.91251, 0, 2.46076, -8.00669, 0.529999, 29.1377)
body = NodePath("Box_B/@RigidBody3D@20764")

[node name="Box_A2" parent="GridMapBuilding/Room2_StaticObjects/Box_B2" node_paths=PackedStringArray("body") instance=ExtResource("31_drbww")]
transform = Transform3D(0.683459, 0, 0.435143, 0, 0.810226, 0, -0.435143, 0, 0.683459, -0.182285, 0, 0.493409)
body = NodePath("Box_A/@RigidBody3D@20771")

[node name="Can_B2" parent="GridMapBuilding/Room2_StaticObjects/Box_B2" instance=ExtResource("16_ryvsm")]
transform = Transform3D(0.357252, 0, 0.132478, 0, 0.381024, 0, -0.132478, 0, 0.357252, 0.15965, 0, 0.499887)

[node name="Can_A2" parent="GridMapBuilding/Room2_StaticObjects/Box_B2" instance=ExtResource("7_wgtu6")]
transform = Transform3D(0.357252, 0, 0.132478, 0, 0.381024, 0, -0.132478, 0, 0.357252, 0.159422, 0, 0.340047)

[node name="Box_B3" parent="GridMapBuilding/Room2_StaticObjects" node_paths=PackedStringArray("body") instance=ExtResource("12_d5paq")]
transform = Transform3D(1.84111, 0, 1.87039, 0, 2.62451, 0, -1.87039, 0, 1.84111, -32.0743, 0.529999, 29.7606)
body = NodePath("Box_B/@RigidBody3D@20764")

[node name="Box_A2" parent="GridMapBuilding/Room2_StaticObjects/Box_B3" node_paths=PackedStringArray("body") instance=ExtResource("31_drbww")]
transform = Transform3D(0.683459, 0, 0.435143, 0, 0.810226, 0, -0.435143, 0, 0.683459, -0.182285, 0, 0.493409)
body = NodePath("Box_A/@RigidBody3D@20771")

[node name="Can_B2" parent="GridMapBuilding/Room2_StaticObjects/Box_B3" instance=ExtResource("16_ryvsm")]
transform = Transform3D(0.357252, 0, 0.132478, 0, 0.381024, 0, -0.132478, 0, 0.357252, 0.15965, 0, 0.499887)

[node name="Can_A2" parent="GridMapBuilding/Room2_StaticObjects/Box_B3" instance=ExtResource("7_wgtu6")]
transform = Transform3D(0.357252, 0, 0.132478, 0, 0.381024, 0, -0.132478, 0, 0.357252, 0.159422, 0, 0.340047)

[node name="Cube_Prototype_Small2" parent="GridMapBuilding/Room2_StaticObjects" node_paths=PackedStringArray("body") instance=ExtResource("32_53hy4")]
transform = Transform3D(0.91414, 0, -0.405397, 0, 1, 0, 0.405397, 0, 0.91414, -27.1769, 0.53, 34.0947)
body = NodePath("Cube_Prototype_Small/@RigidBody3D@20750")

[node name="Cube_Prototype_Small3" parent="GridMapBuilding/Room2_StaticObjects" node_paths=PackedStringArray("body") instance=ExtResource("32_53hy4")]
transform = Transform3D(0.983891, 0, 0.178768, 0, 1, 0, -0.178768, 0, 0.983891, 0.914879, 0.53, 35.6299)
body = NodePath("Cube_Prototype_Small/@RigidBody3D@20750")

[node name="Dummy_Base2" parent="GridMapBuilding/Room2_StaticObjects" node_paths=PackedStringArray("body") instance=ExtResource("13_ae10q")]
transform = Transform3D(0.931418, 0, 0.36395, 0, 1, 0, -0.36395, 0, 0.931418, -24.2351, 0.530001, 26.9038)
body = NodePath("Dummy_Base/@RigidBody3D@20743")

[node name="Dummy_Base3" parent="GridMapBuilding/Room2_StaticObjects" node_paths=PackedStringArray("body") instance=ExtResource("13_ae10q")]
transform = Transform3D(0.954396, 0, -0.298541, 0, 1, 0, 0.298541, 0, 0.954396, -21.2106, 0.530001, 26.9038)
body = NodePath("Dummy_Base/@RigidBody3D@20743")

[node name="Locker2" parent="GridMapBuilding/Room2_StaticObjects" instance=ExtResource("15_4ldk2")]
transform = Transform3D(-1, 0, 1.19209e-07, 0, 1, 0, -1.19209e-07, 0, -1, -17.1817, 0.5, 55.0293)

[node name="target_stand_A2" parent="GridMapBuilding/Room2_StaticObjects" node_paths=PackedStringArray("body") instance=ExtResource("18_7d3wp")]
transform = Transform3D(-1.40662, 0.00283562, 0.371983, 0.00327598, 1.45497, 0.00129664, -0.371979, 0.00209107, -1.40662, -20.338, 0.5, 54.41)
body = NodePath("target_stand_A/@RigidBody3D@20680")

[node name="Locker3" parent="GridMapBuilding/Room2_StaticObjects" instance=ExtResource("15_4ldk2")]
transform = Transform3D(-0.566766, 0, 0.823879, 0, 1, 0, -0.823879, 0, -0.566766, -16.109, 0.500001, 40.8873)

[node name="target_stand_A3" parent="GridMapBuilding/Room2_StaticObjects" node_paths=PackedStringArray("body") instance=ExtResource("18_7d3wp")]
transform = Transform3D(-1.40662, 0.00283562, 0.371983, 0.00327598, 1.45497, 0.00129664, -0.371979, 0.00209107, -1.40662, -15.1279, 0.5, 38.0013)
body = NodePath("target_stand_A/@RigidBody3D@20680")

[node name="target2" parent="GridMapBuilding/Room2_StaticObjects" node_paths=PackedStringArray("body") instance=ExtResource("35_e6ad7")]
transform = Transform3D(-1.34821, 0, 1.17864e-07, 0, 1.34821, 0, -1.17864e-07, 0, -1.34821, -10.984, 2.41061, 47.8027)
body = NodePath("target/@RigidBody3D@20687")

[node name="Barrel_B2" parent="GridMapBuilding/Room2_StaticObjects" node_paths=PackedStringArray("body") instance=ExtResource("30_imgvi")]
transform = Transform3D(1.1047, 0, 0, 0, 1.1047, 0, 0, 0, 1.1047, 3.62674, 1.03, 38.0198)
body = NodePath("Barrel_B/@RigidBody3D@20785")

[node name="Barrel_A2" parent="GridMapBuilding/Room2_StaticObjects" node_paths=PackedStringArray("body") instance=ExtResource("29_514tw")]
transform = Transform3D(1, 0, 0, 0, 1, 0, 0, 0, 1, 4.8476, 1.03, 37.1246)
body = NodePath("Barrel_A/@RigidBody3D@20792")

[node name="Barrel_A3" parent="GridMapBuilding/Room2_StaticObjects" node_paths=PackedStringArray("body") instance=ExtResource("29_514tw")]
transform = Transform3D(1, 0, 0, 0, 1, 0, 0, 0, 1, 4.8476, 1.03, 38.5758)
body = NodePath("Barrel_A/@RigidBody3D@20792")

[node name="Barrel_A5" parent="GridMapBuilding/Room2_StaticObjects" node_paths=PackedStringArray("body") instance=ExtResource("29_514tw")]
transform = Transform3D(-4.92417e-08, 0, 1.12652, 0, 1.12652, 0, -1.12652, 0, -4.92417e-08, -30.5135, 1.03, 50.9264)
body = NodePath("Barrel_A/@RigidBody3D@20792")

[node name="Barrel_C2" parent="GridMapBuilding/Room2_StaticObjects" node_paths=PackedStringArray("body") instance=ExtResource("33_hsydh")]
transform = Transform3D(-4.37114e-08, 0, 1, 0, 1, 0, -1, 0, -4.37114e-08, -4.77598, 1.03, 38.4851)
body = NodePath("Barrel_C/@RigidBody3D@20778")

[node name="Barrel_C3" parent="GridMapBuilding/Room2_StaticObjects/Barrel_C2" node_paths=PackedStringArray("body") instance=ExtResource("33_hsydh")]
transform = Transform3D(1, 0, 0, 0, 1, 0, 0, 0, 1, 1.1592, 0, -0.0559793)
body = NodePath("Barrel_C/@RigidBody3D@20778")

[node name="Barrel_A4" parent="GridMapBuilding/Room2_StaticObjects/Barrel_C2" node_paths=PackedStringArray("body") instance=ExtResource("29_514tw")]
transform = Transform3D(1.12652, 0, 0, 0, 1.12652, 0, 0, 0, 1.12652, -0.193115, 0, 1.17342)
body = NodePath("Barrel_A/@RigidBody3D@20792")

[node name="Barrel_C3" parent="GridMapBuilding/Room2_StaticObjects" node_paths=PackedStringArray("body") instance=ExtResource("33_hsydh")]
transform = Transform3D(0.890506, 0, -0.45497, 0, 1, 0, 0.45497, 0, 0.890506, 3.63072, 1.03, 17.8373)
body = NodePath("Barrel_C/@RigidBody3D@20778")

[node name="Barrel_C3" parent="GridMapBuilding/Room2_StaticObjects/Barrel_C3" node_paths=PackedStringArray("body") instance=ExtResource("33_hsydh")]
transform = Transform3D(1.14322, 0, 0, 0, 1.14322, 0, 0, 0, 1.14322, 1.1592, 0, -0.0559788)
body = NodePath("Barrel_C/@RigidBody3D@20778")

[node name="Barrel_A4" parent="GridMapBuilding/Room2_StaticObjects/Barrel_C3" node_paths=PackedStringArray("body") instance=ExtResource("29_514tw")]
transform = Transform3D(1, 0, 0, 0, 1, 0, 0, 0, 1, -0.193115, 0, 1.17342)
body = NodePath("Barrel_A/@RigidBody3D@20792")

[node name="Pallet_Small_Decorated_B2" parent="GridMapBuilding/Room2_StaticObjects" node_paths=PackedStringArray("body") instance=ExtResource("8_5cxr2")]
transform = Transform3D(0.963775, 0, 0.266717, 0, 1, 0, -0.266717, 0, 0.963775, 1.46351, 0.529999, 37.9631)
body = NodePath("Pallet_Small_Decorated_B/@RigidBody3D@25884")

[node name="Cube_Prototype_Small4" parent="GridMapBuilding/Room2_StaticObjects" node_paths=PackedStringArray("body") instance=ExtResource("32_53hy4")]
transform = Transform3D(1, 0, 0, 0, 1, 0, 0, 0, 1, -2.36304, 0.5, 35.4099)
body = NodePath("Cube_Prototype_Small/@RigidBody3D@20750")

[node name="Pallet_Small_Decorated_B3" parent="GridMapBuilding/Room2_StaticObjects" node_paths=PackedStringArray("body") instance=ExtResource("8_5cxr2")]
transform = Transform3D(0.996645, 0, 0.0818515, 0, 1, 0, -0.0818515, 0, 0.996645, -1.70472, 0.529999, 37.9631)
body = NodePath("Pallet_Small_Decorated_B/@RigidBody3D@25884")

[node name="Cube_Prototype_Small5" parent="GridMapBuilding/Room2_StaticObjects" node_paths=PackedStringArray("body") instance=ExtResource("32_53hy4")]
transform = Transform3D(-0.0720021, 0, -0.997404, 0, 1, 0, 0.997404, 0, -0.0720021, -21.116, 0.53, 34.9437)
body = NodePath("Cube_Prototype_Small/@RigidBody3D@20750")

[node name="Barrel_B3" parent="GridMapBuilding/Room2_StaticObjects" node_paths=PackedStringArray("body") instance=ExtResource("30_imgvi")]
transform = Transform3D(-0.275232, 0, -1.06986, 0, 1.1047, 0, 1.06986, 0, -0.275232, -24.1061, 1.03, 36.9746)
body = NodePath("Barrel_B/@RigidBody3D@20785")

[node name="Barrel_A4" parent="GridMapBuilding/Room2_StaticObjects" node_paths=PackedStringArray("body") instance=ExtResource("29_514tw")]
transform = Transform3D(-0.249146, 0, -0.968466, 0, 1, 0, 0.968466, 0, -0.249146, -23.5433, 1.03, 38.38)
body = NodePath("Barrel_A/@RigidBody3D@20792")

[node name="Barrel_A6" parent="GridMapBuilding/Room2_StaticObjects" node_paths=PackedStringArray("body") instance=ExtResource("29_514tw")]
transform = Transform3D(-0.249146, 0, -0.968466, 0, 1, 0, 0.968466, 0, -0.249146, -24.9488, 1.03, 38.0184)
body = NodePath("Barrel_A/@RigidBody3D@20792")

[node name="Barrel_C4" parent="GridMapBuilding/Room2_StaticObjects" node_paths=PackedStringArray("body") instance=ExtResource("33_hsydh")]
transform = Transform3D(0.968466, 0, -0.249146, 0, 1, 0, 0.249146, 0, 0.968466, -22.4633, 1.03, 28.7209)
body = NodePath("Barrel_C/@RigidBody3D@20778")

[node name="Barrel_C3" parent="GridMapBuilding/Room2_StaticObjects/Barrel_C4" node_paths=PackedStringArray("body") instance=ExtResource("33_hsydh")]
transform = Transform3D(1, 0, 0, 0, 1, 0, 0, 0, 1, 1.1592, 0, -0.0559793)
body = NodePath("Barrel_C/@RigidBody3D@20778")

[node name="Barrel_A4" parent="GridMapBuilding/Room2_StaticObjects/Barrel_C4" node_paths=PackedStringArray("body") instance=ExtResource("29_514tw")]
transform = Transform3D(1.12652, 0, 0, 0, 1.12652, 0, 0, 0, 1.12652, -0.193115, 0, 1.17342)
body = NodePath("Barrel_A/@RigidBody3D@20792")

[node name="Pallet_Small_Decorated_B4" parent="GridMapBuilding/Room2_StaticObjects" node_paths=PackedStringArray("body") instance=ExtResource("8_5cxr2")]
transform = Transform3D(0.0181853, 0, -0.999835, 0, 1, 0, 0.999835, 0, 0.0181853, -23.5123, 0.529999, 34.8937)
body = NodePath("Pallet_Small_Decorated_B/@RigidBody3D@25884")

[node name="Cube_Prototype_Small6" parent="GridMapBuilding/Room2_StaticObjects" node_paths=PackedStringArray("body") instance=ExtResource("32_53hy4")]
transform = Transform3D(-0.249146, 0, -0.968466, 0, 1, 0, 0.968466, 0, -0.249146, -20.0862, 0.5, 31.8239)
body = NodePath("Cube_Prototype_Small/@RigidBody3D@20750")

[node name="Pallet_Small_Decorated_B5" parent="GridMapBuilding/Room2_StaticObjects" node_paths=PackedStringArray("body") instance=ExtResource("8_5cxr2")]
transform = Transform3D(-0.16904, 0, -0.98561, 0, 1, 0, 0.98561, 0, -0.16904, -22.7229, 0.529999, 31.8254)
body = NodePath("Pallet_Small_Decorated_B/@RigidBody3D@25884")

[node name="Cube_Prototype_Small7" parent="GridMapBuilding/Room2_StaticObjects" node_paths=PackedStringArray("body") instance=ExtResource("32_53hy4")]
transform = Transform3D(0.711597, 0, 0.702588, 0, 1, 0, -0.702588, 0, 0.711597, -14.562, 0.53, 42.8328)
body = NodePath("Cube_Prototype_Small/@RigidBody3D@20750")

[node name="Barrel_B4" parent="GridMapBuilding/Room2_StaticObjects" node_paths=PackedStringArray("body") instance=ExtResource("30_imgvi")]
transform = Transform3D(0.912189, 0, 0.623116, 0, 1.1047, 0, -0.623116, 0, 0.912189, -18.0056, 1.03, 31.4764)
body = NodePath("Barrel_B/@RigidBody3D@20785")

[node name="Barrel_A7" parent="GridMapBuilding/Room2_StaticObjects" node_paths=PackedStringArray("body") instance=ExtResource("29_514tw")]
transform = Transform3D(0.825734, 0, 0.564059, 0, 1, 0, -0.564059, 0, 0.825734, -17.5024, 1.03, 30.0486)
body = NodePath("Barrel_A/@RigidBody3D@20792")

[node name="Barrel_A8" parent="GridMapBuilding/Room2_StaticObjects" node_paths=PackedStringArray("body") instance=ExtResource("29_514tw")]
transform = Transform3D(0.825734, 0, 0.564059, 0, 1, 0, -0.564059, 0, 0.825734, -16.6839, 1.03, 31.2469)
body = NodePath("Barrel_A/@RigidBody3D@20792")

[node name="Barrel_C5" parent="GridMapBuilding/Room2_StaticObjects" node_paths=PackedStringArray("body") instance=ExtResource("33_hsydh")]
transform = Transform3D(0.971751, 0, 0.236007, 0, 1, 0, -0.236007, 0, 0.971751, -21.9253, 1.03, 37.3542)
body = NodePath("Barrel_C/@RigidBody3D@20778")

[node name="Barrel_C3" parent="GridMapBuilding/Room2_StaticObjects/Barrel_C5" node_paths=PackedStringArray("body") instance=ExtResource("33_hsydh")]
transform = Transform3D(1, 0, 0, 0, 1, 0, 0, 0, 1, 1.1592, 0, -0.0559793)
body = NodePath("Barrel_C/@RigidBody3D@20778")

[node name="Barrel_A4" parent="GridMapBuilding/Room2_StaticObjects/Barrel_C5" node_paths=PackedStringArray("body") instance=ExtResource("29_514tw")]
transform = Transform3D(1.12652, 0, 0, 0, 1.12652, 0, 0, 0, 1.12652, -0.193115, 0, 1.17342)
body = NodePath("Barrel_A/@RigidBody3D@20792")

[node name="Pallet_Small_Decorated_B6" parent="GridMapBuilding/Room2_StaticObjects" node_paths=PackedStringArray("body") instance=ExtResource("8_5cxr2")]
transform = Transform3D(0.645378, 0, 0.763864, 0, 1, 0, -0.763864, 0, 0.645378, -17.5533, 0.529999, 35.6208)
body = NodePath("Pallet_Small_Decorated_B/@RigidBody3D@25884")

[node name="Cube_Prototype_Small8" parent="GridMapBuilding/Room2_StaticObjects" node_paths=PackedStringArray("body") instance=ExtResource("32_53hy4")]
transform = Transform3D(0.877891, 0, -0.478861, 0, 1, 0, 0.478861, 0, 0.877891, -23.0866, 0.5, 41.1779)
body = NodePath("Cube_Prototype_Small/@RigidBody3D@20750")

[node name="Pallet_Small_Decorated_B7" parent="GridMapBuilding/Room2_StaticObjects" node_paths=PackedStringArray("body") instance=ExtResource("8_5cxr2")]
transform = Transform3D(0.776795, 0, 0.629754, 0, 1, 0, -0.629754, 0, 0.776795, -19.537, 0.529999, 40.3056)
body = NodePath("Pallet_Small_Decorated_B/@RigidBody3D@25884")

[node name="Pallet_Small_Decorated_A2" parent="GridMapBuilding/Room2_StaticObjects" node_paths=PackedStringArray("body") instance=ExtResource("9_q48ew")]
transform = Transform3D(0.969825, 0, -0.243801, 0, 1, 0, 0.243801, 0, 0.969825, -7.97981, 0.529999, 49.9499)
body = NodePath("Pallet_Small_Decorated_A/@RigidBody3D@20722")

[node name="Pallet_Small_Decorated_A3" parent="GridMapBuilding/Room2_StaticObjects" node_paths=PackedStringArray("body") instance=ExtResource("9_q48ew")]
transform = Transform3D(0.969825, 0, -0.243801, 0, 1, 0, 0.243801, 0, 0.969825, -3.76858, 0.529999, 18.3226)
body = NodePath("Pallet_Small_Decorated_A/@RigidBody3D@20722")

[node name="Workbench2" parent="GridMapBuilding/Room2_StaticObjects" instance=ExtResource("24_bi6o1")]
transform = Transform3D(0, 0, -0.999999, 0, 1, 0, 0.999999, 0, 0, -14.814, 0.529999, 49.7564)

[node name="target_stand_A_Decorated2" parent="GridMapBuilding/Room2_StaticObjects" node_paths=PackedStringArray("body") instance=ExtResource("34_6gqwg")]
transform = Transform3D(-1.05879, 0, 0.806696, 0, 1.33108, 0, -0.806696, 0, -1.05879, -32.3318, 0.529999, 50.3831)
body = NodePath("target_stand_A_Decorated/@RigidBody3D@20673")

[node name="Locker_Decorated2" parent="GridMapBuilding/Room2_StaticObjects" instance=ExtResource("14_wxdma")]
transform = Transform3D(-1, 0, 8.74227e-08, 0, 1, 0, -8.74227e-08, 0, -1, -18.5623, 0.5, 55.0867)

[node name="Cube_Prototype_Large_B_003" parent="GridMapBuilding/Room2_StaticObjects/Locker_Decorated2/Locker_Decorated" index="0"]
visible = false

[node name="Locker_Decorated4" parent="GridMapBuilding/Room2_StaticObjects" instance=ExtResource("14_wxdma")]
transform = Transform3D(-0.157176, 0, 0.987571, 0, 1, 0, -0.987571, 0, -0.157176, -17.6774, 0.5, 38.2866)

[node name="Cube_Prototype_Large_B_003" parent="GridMapBuilding/Room2_StaticObjects/Locker_Decorated4/Locker_Decorated" index="0"]
visible = false

[node name="Locker_Decorated5" parent="GridMapBuilding/Room2_StaticObjects" instance=ExtResource("14_wxdma")]
transform = Transform3D(-0.157176, 0, 0.987571, 0, 1, 0, -0.987571, 0, -0.157176, -16.1488, 0.5, 33.8257)

[node name="Cube_Prototype_Large_B_003" parent="GridMapBuilding/Room2_StaticObjects/Locker_Decorated5/Locker_Decorated" index="0"]
visible = false

[node name="Locker_Decorated3" parent="GridMapBuilding/Room2_StaticObjects" instance=ExtResource("14_wxdma")]
transform = Transform3D(-1, 0, 8.74227e-08, 0, 1, 0, -8.74227e-08, 0, -1, -22.3655, 0.5, 55.0867)

[node name="Cube_Prototype_Large_B_003" parent="GridMapBuilding/Room2_StaticObjects/Locker_Decorated3/Locker_Decorated" index="0"]
visible = false

[node name="WorldEnvironment" type="WorldEnvironment" parent="."]
environment = ExtResource("31_78xer")

[node name="DirectionalLight3D" type="DirectionalLight3D" parent="."]
transform = Transform3D(0.138435, 0.820941, -0.553978, -0.35771, 0.56305, 0.744996, 0.923515, 0.0950299, 0.371605, 0, 26.3786, -5.7794)
layers = 2
light_color = Color(0.992157, 0.917647, 0.698039, 1)
light_angular_distance = 3.0
shadow_enabled = true
shadow_bias = 0.03
directional_shadow_mode = 0
directional_shadow_split_2 = 0.343
directional_shadow_split_3 = 0.566
directional_shadow_blend_splits = true

[node name="DirectionalLight3D2" type="DirectionalLight3D" parent="."]
transform = Transform3D(-4.37114e-08, -1, -4.37114e-08, 8.74228e-08, 4.37114e-08, -1, 1, -4.37114e-08, 8.74228e-08, 0, 13.9098, -17.1364)
layers = 2
